             precision    recall  f1-score   support

       1974       0.00      0.00      0.00         1
       1935       0.00      0.00      0.00         1
       1960       0.00      0.00      0.00         1
       1947       0.01      1.00      0.02         1
       1965       0.00      0.00      0.00         1
       1957       0.00      0.00      0.00         2
       1962       0.20      0.50      0.29         2
       1929       0.00      0.00      0.00         1
       1963       0.00      0.00      0.00         2
       1977       0.00      0.00      0.00         3
       1986       0.50      0.29      0.36         7
       1987       0.00      0.00      0.00         2
       1984       0.00      0.00      0.00         4
       1985       0.00      0.00      0.00         3
       1982       0.00      0.00      0.00         3
       1983       0.06      0.25      0.10         4
       1980       0.08      0.11      0.09         9
       1981       0.00      0.00      0.00         6
       1964       0.12      0.11      0.12         9
       1979       0.07      0.20      0.11         5
       1966       0.20      0.17      0.18        18
       1967       0.03      0.06      0.04        16
       1946       0.12      0.10      0.11        20
       1961       0.00      0.00      0.00        16
       1988       0.00      0.00      0.00        17
       1989       0.09      0.06      0.07        18
       1976       0.08      0.08      0.08        12
       1942       0.00      0.00      0.00        12
       1955       0.00      0.00      0.00        15
       1954       0.00      0.00      0.00         9
       1931       0.00      0.00      0.00        16
       1956       0.16      0.25      0.19        20
       1937       0.11      0.08      0.09        25
       1950       0.00      0.00      0.00        16
       1953       0.05      0.04      0.04        26
       1968       0.22      0.17      0.19        24
       1939       0.03      0.04      0.03        28
       1959       0.05      0.06      0.05        18
       1958       0.08      0.05      0.06        40
       1969       0.13      0.18      0.15        34
       1991       0.02      0.03      0.03        31
       1990       0.10      0.15      0.12        34
       1993       0.08      0.06      0.07        47
       1992       0.07      0.06      0.06        50
       1995       0.09      0.09      0.09        46
       1994       0.11      0.11      0.11        65
       1997       0.09      0.07      0.08        68
       1996       0.14      0.16      0.15        79
       1999       0.08      0.09      0.08        79
       1998       0.06      0.06      0.06        84
       1975       0.10      0.08      0.09        93
       1978       0.17      0.15      0.16       107
       1973       0.09      0.08      0.08       112
       1972       0.06      0.06      0.06        85
       1971       0.11      0.09      0.10        93
       1970       0.06      0.03      0.04        95
       2002       0.07      0.08      0.08       100
       2003       0.00      0.00      0.00        44
       2000       0.00      0.00      0.00        55
       2001       0.07      0.06      0.07        48
       2006       0.00      0.00      0.00        62
       2007       0.11      0.09      0.10        44
       2004       0.04      0.03      0.04        30

avg / total       0.08      0.08      0.08      2018
